A1B2 1 3 30
A1B2 1 5 25
A1B2 3 10 15
A1B2 4 12 38
A1B2 5 14 22
A1B2 6 18 30
A1B2 7 20 35
A1B2 8 25 28
A1B2 9 27 20
A1B2 10 30 40
A1B2 12 35 30
A1B2 13 38 25
A1B2 14 40 45
A1B2 16 45 18
A1B2 17 48 22
A1B2 18 50 26
A1B2 19 52 19
A1B2 20 1 20
C3D4 1 4 20
C3D4 2 6 15
C3D4 3 8 34
C3D4 3 11 38
C3D4 6 17 36
C3D4 7 19 32
C3D4 8 23 20
C3D4 9 25 27
C3D4 10 28 40
C3D4 11 30 32
C3D4 12 33 19
C3D4 13 35 36
C3D4 14 37 28
C3D4 15 40 22
C3D4 16 43 27
C3D4 17 46 19
C3D4 18 48 26
C3D4 19 51 30
C3D4 20 52 38
E5F6 1 2 20
E5F6 2 4 38
E5F6 3 7 36
E5F6 4 9 40
E5F6 5 12 20
E5F6 5 14 31
E5F6 6 14 19
E5F6 7 18 26
E5F6 8 21 32
E5F6 9 24 36
E5F6 10 26 40
E5F6 11 29 22
E5F6 12 31 38
E5F6 13 34 30
E5F6 14 37 26
E5F6 15 39 15
E5F6 15 40 30
E5F6 16 42 22
E5F6 17 45 40
E5F6 18 48 35
E5F6 19 50 25
E5F6 20 52 15
G7H8 2 3 25
G7H8 3 5 22
G7H8 4 7 32
G7H8 5 9 20
G7H8 6 11 30
G7H8 7 13 35
G7H8 8 15 38
G7H8 9 17 25
G7H8 10 19 42
G7H8 10 20 40
G7H8 10 21 44
G7H8 11 21 20
G7H8 12 23 22
G7H8 13 25 15
G7H8 14 28 26
G7H8 15 30 38
G7H8 16 33 30
G7H8 17 35 22
G7H8 18 38 36
G7H8 19 40 20
G7H8 20 42 32
I9J0 1 2 30
I9J0 2 4 15
I9J0 2 8 30
I9J0 3 6 38
I9J0 3 8 40
I9J0 4 8 30
I9J0 4 9 25
I9J0 5 12 22
I9J0 6 14 35
I9J0 7 16 19
I9J0 8 18 27
I9J0 9 21 36
I9J0 11 25 30
I9J0 12 28 39
I9J0 13 30 25
I9J0 14 33 19
I9J0 15 35 26
I9J0 16 42 40
I9J0 18 42 28
I9J0 19 45 36
I9J0 20 48 20
